2.855
2.845
2.84
2.835
2.825
2.725
2.48
1.31
0.32
0.085
-0.11
-0.18
-0.245
-0.29
-0.34
-0.385
-0.42
-0.435
-0.445
-0.45
-0.455
-0.47
-0.475
-0.475
-0.465
-0.455
-0.455
-0.455
-0.455
-0.455
-0.455
-0.455
-0.455
-0.455
-0.45
-0.445
-0.445
-0.445
-0.45
-0.46
-0.46
-0.455
-0.46
-0.465
-0.475
-0.485
-0.5
-0.515
-0.53
-0.55
-0.58
-0.61
-0.64
-0.67
-0.7
-0.73
-0.755
-0.78
-0.8
-0.815
-0.825
-0.825
-0.81
-0.78
-0.735
-0.675
-0.61
-0.545
-0.485
-0.425
-0.36
-0.3
-0.24
-0.195
-0.16
-0.13
-0.1
-0.085
-0.075
-0.065
-0.055
-0.05
-0.045
-0.045
-0.055
-0.055
-0.05
-0.045
-0.045
-0.05
-0.05
-0.045
-0.045
-0.05
-0.05
-0.035
-0.015
0.005
0.045
0.105
0.175
0.25
0.305
0.335
0.385
0.46
0.495
0.495
0.46
0.405
0.35
0.3
0.24
0.18
0.12
0.055
0.015
-0.015
-0.025
-0.03
-0.05
-0.07
-0.08
-0.09
-0.105
-0.125
-0.13
-0.13
-0.125
-0.125
-0.135
-0.145
-0.145
-0.145
-0.145
-0.145
-0.15
-0.165
-0.21
-0.215
-0.14
0.04
0.41
0.87
1.46
2.015
2.54
2.8
2.81
2.805
2.795
2.71
2.58
1.78
0.635
0.125
-0.105
-0.205
-0.26
-0.31
-0.355
-0.395
-0.44
-0.465
-0.49
-0.495
-0.5
-0.51
-0.515
-0.515
-0.515
-0.515
-0.51
-0.5
-0.49
-0.485
-0.48
-0.475
-0.475
-0.475
-0.47
-0.465
-0.46
-0.455
-0.455
-0.455
-0.455
-0.46
-0.465
-0.465
-0.465
-0.465
-0.47
-0.485
-0.505
-0.525
-0.545
-0.56
-0.58
-0.605
-0.635
-0.66
-0.685
-0.71
-0.72
-0.73
-0.73
-0.725
-0.695
-0.66
-0.61
-0.56
-0.495
-0.435
-0.38
-0.325
-0.285
-0.245
-0.21
-0.175
-0.155
-0.14
-0.135
-0.135
-0.135
-0.135
-0.14
-0.145
-0.145
-0.145
-0.145
-0.14
-0.135
-0.135
-0.14
-0.135
-0.125
-0.115
-0.105
-0.1
-0.095
-0.09
-0.085
-0.07
-0.055
-0.055
-0.055
-0.05
-0.045
-0.045
-0.045
-0.035
-0.035
-0.035
-0.035
-0.04
-0.045
-0.045
-0.045
-0.045
-0.045
-0.05
-0.055
-0.055
-0.055
-0.065
-0.07
-0.065
-0.055
-0.04
-0.025
0
0.01
0.02
0.03
0.04
0.085
0.16
0.225
0.285
0.305
0.31
0.35
0.4
0.36
0.295
0.245
0.2
0.14
0.085
0.04
0
-0.04
-0.075
-0.08
-0.085
-0.1
-0.115
-0.125
-0.135
-0.135
-0.135
-0.15
-0.165
-0.165
-0.16
-0.155
-0.15
-0.145
-0.145
-0.145
-0.145
-0.145
-0.165
-0.205
-0.195
-0.145
0.095
0.47
0.945
1.485
2.01
2.525
2.71
2.77
2.775
2.765
2.76
2.755
1.85
0.825
0.34
-0.09
-0.165
-0.235
-0.28
-0.325
-0.37
-0.415
-0.44
-0.465
-0.47
-0.475
-0.48
-0.485
-0.49
-0.495
-0.495
-0.49
-0.485
-0.485
-0.485
-0.48
-0.475
-0.47
-0.465
-0.465
-0.465
-0.465
-0.47
-0.475
-0.475
-0.475
-0.48
-0.485
-0.485
-0.485
-0.49
-0.5
-0.51
-0.53
-0.55
-0.565
-0.58
-0.61
-0.645
-0.67
-0.695
-0.72
-0.745
-0.765
-0.785
-0.795
-0.8
-0.77
-0.74
-0.695
-0.645
-0.585
-0.52
-0.455
-0.39
-0.335
-0.28
-0.23
-0.185
-0.15
-0.12
-0.095
-0.075
-0.065
-0.06
-0.055
-0.045
-0.035
-0.035
-0.035
-0.035
-0.035
-0.035
-0.035
-0.035
-0.035
-0.035
-0.04
-0.04
-0.035
-0.035
-0.03
-0.02
-0.015
-0.015
-0.01
0
0.005
0.005
0.005
0.015
0.03
0.05
0.07
0.095
0.115
0.115
0.135
0.185
0.245
0.31
0.35
0.365
0.39
0.43
0.45
0.465
0.42
0.34
0.285
0.245
0.18
0.11
0.055
0.01
-0.01
-0.03
-0.04
-0.05
-0.065
-0.08
-0.085
-0.095
-0.11
-0.12
-0.115
-0.115
-0.12
-0.125
-0.125
-0.125
-0.125
-0.12
-0.115
-0.115
-0.13
-0.145
-0.15
-0.07
0.14
0.47
0.945
1.45
1.975
2.365
2.64
2.75
2.745
2.735
2.725
2.37
1.85
1.115
0.305
0.005
-0.135
-0.205
-0.255
-0.3
-0.35
-0.385
-0.42
-0.44
-0.465
-0.47
-0.475
-0.475
-0.475
-0.48
-0.485
-0.485
-0.48
-0.47
-0.465
-0.465
-0.46
-0.455
-0.455
-0.455
-0.45
-0.44
-0.435
-0.435
-0.435
-0.435
-0.435
-0.44
-0.445
-0.45
-0.46
-0.47
-0.475
-0.475
-0.485
-0.505
-0.53
-0.55
-0.57
-0.59
-0.62
-0.65
-0.675
-0.7
-0.72
-0.74
-0.755
-0.76
-0.74
-0.72
-0.68
-0.635
-0.575
-0.515
-0.455
-0.4
-0.345
-0.29
-0.245
-0.2
-0.165
-0.14
-0.13
-0.12
-0.115
-0.115
-0.115
-0.115
-0.115
-0.115
-0.115
-0.115
-0.12
-0.115
-0.105
-0.095
-0.085
-0.085
-0.085
-0.075
-0.065
-0.055
-0.045
-0.04
-0.035
-0.025
-0.015
-0.015
-0.01
-0.005
0
0
0
-0.005
-0.01
-0.005
-0.005
-0.01
-0.01
0
0.01
0.03
0.05
0.065
0.075
0.075
0.095
0.155
0.22
0.295
0.335
0.335
0.365
0.42
0.42
0.385
0.33
0.26
0.21
0.165
0.11
0.055
0.01
-0.025
-0.04
-0.05
-0.06
-0.07
-0.085
-0.105
-0.11
-0.115
-0.125
-0.135
-0.135
-0.135
-0.14
-0.14
-0.13
-0.12
-0.115
-0.115
-0.125
-0.145
-0.18
-0.15
-0.005
0.255
0.685
1.165
1.7
2.175
2.59
2.765
2.755
2.745
2.73
2.495
2.145
1.365
0.405
0.05
-0.09
-0.165
-0.225
-0.28
-0.335
-0.385
-0.43
-0.445
-0.46
-0.47
-0.475
-0.48
-0.485
-0.49
-0.49
-0.485
-0.485
-0.485
-0.485
-0.485
-0.485
-0.49
-0.49
-0.485
-0.485
-0.485
-0.48
-0.475
-0.475
-0.48
-0.485
-0.49
-0.495
-0.495
-0.5
-0.51
-0.525
-0.545
-0.565
-0.585
-0.62
-0.655
-0.685
-0.71
-0.745
-0.785
-0.815
-0.84
-0.865
-0.89
-0.9
-0.91
-0.9
-0.89
-0.85
-0.805
-0.755
-0.7
-0.62
-0.54
-0.47
-0.405
-0.335
-0.265
-0.205
-0.145
-0.095
-0.03
0.055
0.14
0.22
0.275
0.31
0.36
0.425
0.43
0.395
0.35
0.3
0.25
0.195
0.135
0.07
0.015
-0.035
-0.06
-0.08
-0.09
-0.1
-0.105
-0.11
-0.115
-0.125
-0.13
-0.13
-0.125
-0.125
-0.13
-0.135
-0.14
-0.14
-0.135
-0.135
-0.14
-0.14
-0.13
-0.125
-0.13
-0.14
-0.17
-0.19
-0.21
-0.095
0.17
0.575
1.11
1.65
2.19
2.51
2.69
2.745
2.735
2.735
2.735
1.965
0.94
0.355
-0.11
-0.215
-0.26
-0.285
-0.31
-0.355
-0.4
-0.43
-0.455
-0.465
-0.475
-0.485
-0.495
-0.495
-0.495
-0.495
-0.495
-0.495
-0.495
-0.495
-0.49
-0.485
-0.485
-0.485
-0.48
-0.475
-0.475
-0.475
-0.47
-0.465
-0.46
-0.455
-0.455
-0.46
-0.47
-0.49
-0.495
-0.5
-0.52
-0.54
-0.555
-0.57
-0.59
-0.61
-0.63
-0.65
-0.665
-0.68
-0.685
-0.69
-0.685
-0.68
-0.645
-0.605
-0.555
-0.505
-0.455
-0.405
-0.365
-0.325
-0.29
-0.255
-0.23
-0.205
-0.185
-0.17
-0.165
-0.16
-0.15
-0.145
-0.145
-0.14
-0.135
-0.13
-0.125
-0.12
-0.115
-0.11
-0.105
-0.1
-0.095
-0.095
-0.095
-0.09
-0.085
-0.085
-0.09
-0.095
-0.095
-0.095
-0.095
-0.095
-0.095
-0.095
-0.095
-0.1
-0.105
-0.105
-0.105
-0.105
-0.105
-0.105
-0.105
-0.11
-0.115
-0.12
-0.12
-0.115
-0.115
-0.115
-0.115
-0.12
-0.125
-0.13
-0.125
-0.115
-0.12
-0.13
-0.125
-0.115
-0.115
-0.12
-0.115
-0.105
-0.08
-0.045
-0.03
-0.015
-0.015
-0.02
0.025
0.08
0.15
0.215
0.235
0.255
0.315
0.36
0.32
0.285
0.225
0.17
0.12
0.07
0.02
-0.025
-0.065
-0.1
-0.115
-0.125
-0.13
-0.135
-0.145
-0.155
-0.155
-0.155
-0.16
-0.165
-0.17
-0.17
-0.165
-0.16
-0.155
-0.155
-0.16
-0.185
-0.215
-0.19
-0.15
0.155
0.495
1.025
1.565
2.09
2.605
2.675
2.74
2.735
2.735
2.745
2.6
1.63
0.755
0.26
-0.125
-0.205
-0.275
-0.315
-0.36
-0.42
-0.465
-0.495
-0.515
-0.525
-0.535
-0.54
-0.545
-0.545
-0.545
-0.55
-0.555
-0.555
-0.545
-0.535
-0.535
-0.54
-0.55
-0.56
-0.55
-0.535
-0.535
-0.54
-0.54
-0.535
-0.54
-0.555
-0.555
-0.555
-0.56
-0.565
-0.58
-0.595
-0.61
-0.625
-0.645
-0.67
-0.7
-0.73
-0.755
-0.785
-0.82
-0.85
-0.87
-0.89
-0.905
-0.91
-0.905
-0.89
-0.87
-0.84
-0.805
-0.755
-0.695
-0.63
-0.56
-0.5
-0.44
-0.385
-0.335
-0.28
-0.23
-0.19
-0.155
-0.135
-0.115
-0.1
-0.085
-0.075
-0.07
-0.065
-0.065
-0.065
-0.065
-0.065
-0.06
-0.055
-0.055
-0.055
-0.05
-0.045
-0.045
-0.045
-0.04
-0.03
-0.025
-0.025
-0.015
0
0.005
0.01
0.02
0.03
0.045
0.065
0.08
0.1
0.11
0.12
0.155
0.195
0.245
0.305
0.34
0.38
0.41
0.44
0.465
0.49
0.415
0.33
0.28
0.23
0.16
0.095
0.05
0.01
-0.01
-0.035
-0.05
-0.065
-0.075
-0.085
-0.095
-0.105
-0.115
-0.125
-0.135
-0.145
-0.145
-0.145
-0.15
-0.15
-0.145
-0.14
-0.135
-0.14
-0.15
-0.165
-0.185
-0.065
0.11
0.505
0.965
1.495
2.035
2.405
2.74
2.765
2.755
2.745
2.735
2.325
1.89
1.005
0.185
0.01
-0.14
-0.19
-0.24
-0.295
-0.345
-0.39
-0.425
-0.435
-0.445
-0.45
-0.455
-0.46
-0.465
-0.465
-0.465
-0.465
-0.46
-0.455
-0.45
-0.445
-0.445
-0.445
-0.44
-0.435
-0.435
-0.435
-0.43
-0.425
-0.425
-0.43
-0.435
-0.435
-0.43
-0.425
-0.44
-0.46
-0.475
-0.485
-0.5
-0.515
-0.54
-0.565
-0.59
-0.62
-0.65
-0.68
-0.715
-0.75
-0.77
-0.785
-0.79
-0.785
-0.77
-0.74
-0.69
-0.63
-0.565
-0.5
-0.44
-0.38
-0.325
-0.275
-0.23
-0.195
-0.16
-0.14
-0.12
-0.105
-0.095
-0.095
-0.1
-0.1
-0.095
-0.095
-0.095
-0.095
-0.095
-0.095
-0.09
-0.08
-0.07
-0.065
-0.065
-0.065
-0.06
-0.045
-0.035
-0.035
-0.03
-0.015
-0.005
-0.005
-0.005
-0.005
-0.005
-0.005
-0.005
-0.005
0
0
0.01
0.025
0.045
0.075
0.085
0.09
0.11
0.135
0.185
0.25
0.295
0.335
0.37
0.405
0.425
0.44
0.38
0.305
0.255
0.205
0.14
0.08
0.035
-0.005
-0.015
-0.025
-0.045
-0.065
-0.075
-0.085
-0.095
-0.105
-0.105
-0.105
-0.115
-0.12
-0.115
-0.11
-0.105
-0.105
-0.105
-0.105
-0.105
-0.12
-0.15
-0.12
-0.045
0.185
0.505
0.97
1.49
2.02
2.555
2.71
2.775
2.77
2.755
2.755
2.755
1.845
0.88
0.405
-0.045
-0.125
-0.205
-0.24
-0.28
-0.33
-0.375
-0.395
-0.415
-0.435
-0.455
-0.465
-0.47
-0.465
-0.465
-0.47
-0.47
-0.46
-0.455
-0.46
-0.46
-0.455
-0.45
-0.445
-0.445
-0.445
-0.445
-0.45
-0.455
-0.455
-0.46
-0.47
-0.47
-0.465
-0.475
-0.49
-0.5
-0.51
-0.52
-0.53
-0.56
-0.595
-0.625
-0.655
-0.695
-0.735
-0.765
-0.8
-0.835
-0.87
-0.895
-0.91
-0.905
-0.9
-0.89
-0.87
-0.825
-0.78
-0.715
-0.655
-0.585
-0.52
-0.445
-0.385
-0.325
-0.265
-0.205
-0.165
-0.135
-0.105
-0.08
-0.06
-0.045
-0.04
-0.035
-0.035
-0.035
-0.035
-0.035
-0.035
-0.035
-0.03
-0.025
-0.03
-0.03
-0.025
-0.02
-0.015
-0.01
-0.005
-0.005
-0.005
0
0.005
0.015
0.02
0.025
0.03
0.04
0.06
0.08
0.1
0.12
0.135
0.16
0.19
0.235
0.3
0.345
0.39
0.425
0.455
0.47
0.48
0.425
0.35
0.29
0.24
0.17
0.09
0.045
0.005
-0.005
-0.02
-0.045
-0.065
-0.075
-0.085
-0.095
-0.105
-0.11
-0.115
-0.115
-0.115
-0.12
-0.12
-0.115
-0.115
-0.12
-0.125
-0.13
-0.145
-0.185
-0.115
0.075
0.42
0.91
1.465
2.065
2.465
2.72
2.805
2.795
2.785
2.775
2.24
1.52
0.82
0.12
-0.08
-0.19
-0.245
-0.29
-0.335
-0.38
-0.415
-0.455
-0.465
-0.475
-0.48
-0.485
-0.485
-0.485
-0.485
-0.485
-0.485
-0.485
-0.485
-0.48
-0.475
-0.475
-0.475
-0.475
-0.475
-0.47
-0.465
-0.465
-0.465
-0.465
-0.465
-0.465
-0.47
-0.475
-0.475
-0.48
-0.49
-0.5
-0.51
-0.53
-0.55
-0.575
-0.6
-0.635
-0.67
-0.695
-0.72
-0.75
-0.785
-0.805
-0.825
-0.825
-0.82
-0.8
-0.775
-0.73
-0.68
-0.615
-0.55
-0.485
-0.425
-0.365
-0.305
-0.26
-0.22
-0.19
-0.165
-0.145
-0.135
-0.135
-0.135
-0.135
-0.13
-0.125
-0.125
-0.13
-0.13
-0.125
-0.125
-0.125
-0.12
-0.115
-0.105
-0.095
-0.095
-0.095
-0.085
-0.075
-0.07
-0.065
-0.065
-0.06
-0.05
-0.045
-0.045
-0.04
-0.035
-0.03
-0.02
-0.015
-0.02
-0.02
-0.01
0
0.02
0.035
0.04
0.055
0.085
0.135
0.2
0.255
0.3
0.335
0.36
0.385
0.405
0.36
0.28
0.225
0.185
0.125
0.055
0.005
-0.035
-0.065
-0.09
-0.1
-0.11
-0.12
-0.13
-0.14
-0.155
-0.16
-0.165
-0.17
-0.175
-0.185
-0.19
-0.185
-0.18
-0.175
-0.17
-0.165
-0.165
-0.175
-0.185
-0.195
-0.115
0.105
0.445
0.925
1.445
2
2.415
2.7
2.815
2.805
2.8
2.795
2.295
1.56
0.835
0.12
-0.115
-0.205
-0.265
-0.315
-0.365
-0.42
-0.44
-0.46
-0.48
-0.505
-0.505
-0.505
-0.51
-0.515
-0.515
-0.515
-0.515
-0.51
-0.5
-0.495
-0.495
-0.495
-0.495
-0.495
-0.495
-0.495
-0.495
-0.49
-0.485
-0.485
-0.485
-0.485
-0.49
-0.495
-0.495
-0.495
-0.5
-0.515
-0.535
-0.56
-0.585
-0.61
-0.63
-0.655
-0.69
-0.715
-0.74
-0.765
-0.79
-0.795
-0.8
-0.795
-0.79
-0.76
-0.73
-0.685
-0.635
-0.56
-0.49
-0.43
-0.37
-0.325
-0.28
-0.24
-0.2
-0.16
-0.13
-0.12
-0.11
-0.1
-0.095
-0.095
-0.09
-0.085
-0.08
-0.075
-0.075
-0.08
-0.085
-0.09
-0.09
-0.085
-0.085
-0.085
-0.075
-0.065
-0.065
-0.065
-0.05
-0.035
-0.03
-0.025
-0.02
-0.01
-0.005
0
0
0.005
0.005
0.005
0.015
0.025
0.045
0.065
0.08
0.095
0.11
0.14
0.19
0.255
0.33
0.375
0.375
0.395
0.45
0.45
0.41
0.355
0.285
0.23
0.18
0.125
0.07
0.02
-0.02
-0.045
-0.06
-0.075
-0.09
-0.105
-0.12
-0.125
-0.125
-0.13
-0.145
-0.145
-0.145
-0.145
-0.145
-0.15
-0.15
-0.145
-0.14
-0.135
-0.135
-0.14
-0.135
-0.11
0
0.295
0.675
1.185
1.715
2.26
2.62
2.765
2.825
2.815
2.785
2.735
2.08
1.05
0.43
0.03
-0.135
-0.215
-0.265
-0.305
-0.35
-0.395
-0.42
-0.44
-0.455
-0.47
-0.475
-0.475
-0.475
-0.475
-0.48
-0.48
-0.475
-0.47
-0.465
-0.46
-0.455
-0.45
-0.445
-0.44
-0.435
-0.435
-0.435
-0.435
-0.435
-0.435
-0.435
-0.435
-0.435
-0.435
-0.435
-0.435
-0.44
-0.45
-0.465
-0.485
-0.505
-0.53
-0.555
-0.59
-0.625
-0.655
-0.68
-0.705
-0.73
-0.735
-0.735
-0.72
-0.705
-0.665
-0.62
-0.57
-0.52
-0.465
-0.405
-0.355
-0.305
-0.255
-0.205
-0.17
-0.135
-0.115
-0.1
-0.085
-0.075
-0.08
-0.085
-0.085
-0.08
-0.075
-0.075
-0.08
-0.075
-0.065
-0.065
-0.07
-0.07
-0.065
-0.055
-0.045
-0.04
-0.035
-0.03
-0.025
-0.01
0
0.005
0.01
0.015
0.02
0.02
0.015
0.02
0.025
0.03
0.03
0.025
0.02
0.015
0.015
0.025
0.04
0.065
0.085
0.095
0.11
0.125
0.155
0.225
0.29
0.35
0.39
0.415
0.445
0.485
0.46
0.385
0.32
0.26
0.205
0.15
0.095
0.045
0.015
0
-0.015
-0.03
-0.045
-0.06
-0.075
-0.09
-0.095
-0.095
-0.105
-0.115
-0.115
-0.11
-0.105
-0.1
-0.095
-0.09
-0.085
-0.085
-0.09
-0.1
-0.12
-0.095
0.015
0.245
0.67
1.16
1.745
2.25
2.66
2.86
2.855
2.85
2.845
2.61
2.215
1.48
0.56
0.15
-0.025
-0.13
-0.205
-0.255
-0.295
-0.33
-0.37
-0.395
-0.42
-0.425
-0.425
-0.43
-0.445
-0.445
-0.44
-0.435
-0.43
-0.425
-0.425
-0.425
-0.425
-0.425
-0.42
-0.41
-0.405
-0.41
-0.41
-0.405
-0.405
-0.405
-0.4
-0.395
-0.395
-0.4
-0.41
-0.42
-0.43
-0.44
-0.45
-0.465
-0.49
-0.515
-0.545
-0.575
-0.605
-0.635
-0.665
-0.7
-0.725
-0.75
-0.77
-0.79
-0.79
-0.785
-0.75
-0.72
-0.665
-0.605
-0.53
-0.455
-0.4
-0.34
-0.275
-0.21
-0.16
-0.115
-0.085
-0.055
-0.035
-0.02
-0.01
0
0
0.005
0.005
0.005
0.005
0.005
0.005
0.005
0.01
0.01
0.005
0.005
0.01
0.015
0.02
0.025
0.03
0.035
0.04
0.05
0.06
0.07
0.08
0.085
0.085
0.085
0.08
0.075
0.075
0.085
0.095
0.105
0.12
0.145
0.165
0.165
0.175
0.215
0.27
0.34
0.395
0.42
0.45
0.485
0.51
0.525
0.49
0.405
0.34
0.29
0.23
0.165
0.105
0.055
0.03
0.015
0
-0.01
-0.025
-0.04
-0.05
-0.06
-0.065
-0.065
-0.065
-0.075
-0.085
-0.09
-0.08
-0.075
-0.075
-0.075
-0.075
-0.08
-0.105
-0.09
0.035
0.25
0.68
1.145
1.68
2.17
2.6
2.845
2.855
2.855
2.84
2.69
2.415
1.72
0.71
0.2
-0.01
-0.125
-0.185
-0.235
-0.28
-0.325
-0.365
-0.385
-0.4
-0.415
-0.43
-0.43
-0.425
-0.425
-0.435
-0.425
-0.42
-0.415
-0.415
-0.415
-0.415
-0.415
-0.41
-0.405
-0.405
-0.405
-0.4
-0.395
-0.395
-0.4
-0.405
-0.405
-0.4
-0.395
-0.4
-0.415
-0.43
-0.44
-0.455
-0.485
-0.505
-0.525
-0.555
-0.585
-0.62
-0.655
-0.685
-0.715
-0.745
-0.77
-0.785
-0.8
-0.8
-0.795
-0.755
-0.715
-0.655
-0.6
-0.53
-0.46
-0.395
-0.335
-0.275
-0.215
-0.17
-0.13
-0.11
-0.09
-0.08
-0.07
-0.06
-0.055
-0.055
-0.055
-0.06
-0.06
-0.055
-0.05
-0.045
-0.045
-0.045
-0.045
-0.045
-0.04
-0.035
-0.025
-0.015
-0.01
-0.005
0
0
0.01
0.02
0.025
0.025
0.025
0.03
0.035
0.035
0.035
0.035
0.035
0.035
0.035
0.035
0.05
0.065
0.08
0.095
0.105
0.125
0.165
0.22
0.295
0.345
0.355
0.39
0.45
0.47
0.435
0.385
0.32
0.255
0.195
0.135
0.08
0.035
0
-0.025
-0.05
-0.065
-0.08
-0.085
-0.09
-0.095
-0.1
-0.11
-0.12
-0.125
-0.135
-0.135
-0.135
-0.135
-0.135
-0.135
-0.135
-0.135
-0.135
-0.165
-0.155
-0.045
0.155
0.585
1.055
1.615
2.135
2.595
2.86
2.855
2.845
2.82
2.65
2.34
1.63
0.61
0.1
-0.08
-0.185
-0.245
-0.3
-0.35
-0.39
-0.425
-0.445
-0.46
-0.47
-0.48
-0.485
-0.49
-0.49
-0.485
-0.49
-0.49
-0.48
-0.475
-0.475
-0.475
-0.475
-0.47
-0.46
-0.455
-0.455
-0.455
-0.46
-0.46
-0.455
-0.455
-0.46
-0.465
-0.465
-0.465
-0.475
-0.49
-0.505
-0.52
-0.53
-0.55
-0.575
-0.605
-0.64
-0.675
-0.715
-0.745
-0.775
-0.8
-0.82
-0.825
-0.83
-0.815
-0.795
-0.76
-0.725
-0.67
-0.61
-0.545
-0.48
-0.425
-0.365
-0.315
-0.265
-0.225
-0.185
-0.16
-0.14
-0.125
-0.11
-0.1
-0.095
-0.095
-0.09
-0.085
-0.085
-0.09
-0.09
-0.085
-0.085
-0.09
-0.09
-0.085
-0.08
-0.075
-0.07
-0.065
-0.06
-0.055
-0.05
-0.045
-0.04
-0.035
-0.03
-0.025
-0.025
-0.025
-0.02
-0.015
-0.015
-0.01
0
0.005
0.025
0.045
0.065
0.08
0.075
0.085
0.13
0.18
0.25
0.3
0.325
0.36
0.4
0.425
0.43
0.395
0.32
0.255
0.205
0.145
0.08
0.02
-0.025
-0.06
-0.085
-0.1
-0.11
-0.12
-0.13
-0.14
-0.15
-0.155
-0.16
-0.165
-0.17
-0.175
-0.18
-0.17
-0.165
-0.175
-0.18
-0.17
-0.165
-0.175
-0.18
-0.17
-0.105
0.155
0.495
1.02
1.555
2.11
2.53
2.72
2.825
2.81
2.79
2.765
2.25
1.24
0.54
0.1
-0.12
-0.205
-0.26
-0.31
-0.355
-0.4
-0.43
-0.45
-0.47
-0.49
-0.495
-0.495
-0.495
-0.5
-0.5
-0.495
-0.495
-0.49
-0.48
-0.475
-0.475
-0.47
-0.465
-0.465
-0.465
-0.46
-0.455
-0.45
-0.445
-0.445
-0.445
-0.445
-0.45
-0.455
-0.465
-0.475
-0.48
-0.49
-0.505
-0.525
-0.545
-0.575
-0.61
-0.64
-0.665
-0.685
-0.705
-0.725
-0.75
-0.76
-0.77
-0.75
-0.715
-0.68
-0.645
-0.585
-0.525
-0.465
-0.405
-0.345
-0.29
-0.24
-0.19
-0.16
-0.13
-0.115
-0.1
-0.095
-0.095
-0.095
-0.09
-0.085
-0.085
-0.085
-0.08
-0.075
-0.075
-0.075
-0.07
-0.065
-0.065
-0.07
-0.065
-0.05
-0.04
-0.035
-0.03
-0.025
-0.015
-0.005
0
0
0.005
0.01
0.015
0.015
0.01
0.005
0.01
0.02
0.03
0.035
0.055
0.075
0.08
0.085
0.095
0.115
0.175
0.24
0.31
0.365
0.37
0.39
0.455
0.47
0.415
0.36
0.295
0.235
0.175
0.115
0.065
0.025
-0.01
-0.03
-0.045
-0.06
-0.08
-0.09
-0.1
-0.105
-0.11
-0.12
-0.13
-0.135
-0.135
-0.13
-0.125
-0.12
-0.115
-0.115
-0.115
-0.115
-0.115
-0.13
-0.13
-0.04
0.09
0.455
0.85
1.385
1.9
2.38
2.73
2.78
2.81
2.8
2.74
2.605
2.08
1.04
0.365
0.075
-0.1
-0.185
-0.25
-0.295
-0.34
-0.38
-0.405
-0.425
-0.44
-0.45
-0.455
-0.46
-0.465
-0.465
-0.465
-0.465
-0.465
-0.465
-0.46
-0.455
-0.455
-0.45
-0.44
-0.435
-0.44
-0.445
-0.445
-0.44
-0.43
-0.425
-0.43
-0.435
-0.445
-0.455
-0.455
-0.46
-0.475
-0.485
-0.495
-0.515
-0.54
-0.57
-0.6
-0.635
-0.675
-0.71
-0.74
-0.77
-0.795
-0.81
-0.82
-0.82
-0.815
-0.78
-0.74
-0.68
-0.62
-0.55
-0.475
-0.415
-0.355
-0.29
-0.23
-0.19
-0.15
-0.12
-0.09
-0.075
-0.06
-0.055
-0.05
-0.045
-0.045
-0.05
-0.055
-0.055
-0.05
-0.045
-0.04
-0.035
-0.035
-0.04
-0.035
-0.025
-0.02
-0.015
-0.015
-0.015
-0.005
0
0.005
0.01
0.015
0.02
0.025
0.03
0.035
0.04
0.045
0.045
0.055
0.07
0.095
0.12
0.115
0.115
0.15
0.19
0.26
0.325
0.35
0.38
0.42
0.455
0.46
0.44
0.365
0.295
0.25
0.195
0.13
0.07
0.025
0
-0.015
-0.03
-0.045
-0.06
-0.075
-0.09
-0.1
-0.105
-0.11
-0.115
-0.12
-0.125
-0.13
-0.13
-0.125
-0.125
-0.125
-0.125
-0.125
-0.13
-0.145
-0.155
-0.15
0.07
0.32
0.81
1.31
1.845
2.335
2.605
2.81
2.795
2.785
2.785
2.51
1.675
0.925
0.315
-0.07
-0.165
-0.235
-0.28
-0.33
-0.38
-0.42
-0.45
-0.47
-0.48
-0.49
-0.5
-0.505
-0.51
-0.505
-0.495
-0.49
-0.485
-0.485
-0.485
-0.485
-0.49
-0.49
-0.485
-0.475
-0.475
-0.48
-0.48
-0.475
-0.475
-0.475
-0.475
-0.475
-0.475
-0.48
-0.49
-0.51
-0.525
-0.545
-0.56
-0.585
-0.615
-0.645
-0.68
-0.715
-0.745
-0.77
-0.795
-0.82
-0.845
-0.865
-0.865
-0.855
-0.83
-0.79
-0.735
-0.675
-0.605
-0.535
-0.47
-0.41
-0.35
-0.285
-0.235
-0.185
-0.16
-0.13
-0.12
-0.11
-0.1
-0.095
-0.095
-0.095
-0.095
-0.095
-0.095
-0.09
-0.085
-0.08
-0.07
-0.065
-0.065
-0.065
-0.07
-0.065
-0.05
-0.045
-0.045
-0.035
-0.025
-0.025
-0.025
-0.015
-0.005
0
0
0.005
0.005
0.005
0.01
0.035
0.06
0.07
0.08
0.095
0.11
0.165
0.225
0.295
0.365
0.375
0.385
0.435
0.46
0.385
0.315
0.26
0.205
0.14
0.08
0.035
-0.005
-0.04
-0.065
-0.075
-0.085
-0.095
-0.11
-0.135
-0.15
-0.16
-0.165
-0.165
-0.165
-0.165
-0.16
-0.155
-0.155
-0.155
-0.155
-0.155
-0.165
-0.18
-0.185
-0.185
0.02
0.25
0.715
1.195
1.77
2.34
2.57
2.78
2.765
2.75
2.74
2.62
1.955
1.28
0.57
0.02
-0.1
-0.2
-0.255
-0.31
-0.36
-0.405
-0.445
-0.47
-0.485
-0.495
-0.5
-0.505
-0.505
-0.505
-0.51
-0.515
-0.515
-0.51
-0.505
-0.505
-0.505
-0.5
-0.495
-0.49
-0.485
-0.485
-0.485
-0.485
-0.485
-0.485
-0.485
-0.49
-0.49
-0.485
-0.485
-0.495
-0.505
-0.515
-0.525
-0.54
-0.56
-0.58
-0.6
-0.63
-0.66
-0.685
-0.715
-0.745
-0.775
-0.8
-0.815
-0.83
-0.825
-0.815
-0.795
-0.765
-0.725
-0.68
-0.62
-0.55
-0.49
-0.425
-0.37
-0.315
-0.265
-0.22
-0.19
-0.165
-0.145
-0.125
-0.12
-0.115
-0.105
-0.105
-0.105
-0.105
-0.105
-0.1
-0.095
-0.095
-0.095
-0.09
-0.085
-0.085
-0.085
-0.08
-0.075
-0.07
-0.06
-0.05
-0.045
-0.04
-0.035
-0.03
-0.025
-0.02
-0.015
-0.015
-0.015
-0.01
-0.005
0.01
0.035
0.055
0.07
0.075
0.08
0.125
0.175
0.245
0.32
0.325
0.33
0.385
0.43
0.39
0.35
0.285
0.225
0.18
0.13
0.07
0.01
-0.035
-0.075
-0.09
-0.105
-0.125
-0.14
-0.155
-0.165
-0.17
-0.175
-0.18
-0.185
-0.19
-0.19
-0.185
-0.18
-0.175
-0.17
-0.165
-0.165
-0.165
-0.18
-0.2
-0.125
-0.02
0.37
0.825
1.385
1.96
2.36
2.75
2.755
2.74
2.73
2.68
1.965
1.255
0.57
-0.02
-0.12
-0.215
-0.275
-0.335
-0.38
-0.42
-0.45
-0.48
-0.495
-0.505
-0.51
-0.51
-0.505
-0.505
-0.51
-0.51
-0.505
-0.505
-0.51
-0.505
-0.495
-0.495
-0.495
-0.485
-0.475
-0.475
-0.48
-0.48
-0.475
-0.475
-0.48
-0.485
-0.485
-0.485
-0.485
-0.49
-0.495
-0.51
-0.525
-0.545
-0.565
-0.59
-0.62
-0.65
-0.68
-0.705
-0.725
-0.74
-0.76
-0.78
-0.79
-0.78
-0.76
-0.73
-0.69
-0.645
-0.595
-0.545
-0.485
-0.42
-0.36
-0.3
-0.26
-0.225
-0.19
-0.16
-0.135
-0.115
-0.105
-0.095
-0.095
-0.095
-0.095
-0.1
-0.105
-0.105
-0.095
-0.09
-0.085
-0.085
-0.09
-0.09
-0.08
-0.07
-0.065
-0.06
-0.05
-0.045
-0.045
-0.04
-0.03
-0.025
-0.025
-0.02
-0.015
-0.01
-0.005
0
0
0.005
0.01
0.025
0.045
0.06
0.08
0.085
0.09
0.125
0.17
0.245
0.33
0.345
0.35
0.405
0.47
0.435
0.395
0.33
0.26
0.215
0.17
0.105
0.045
0
-0.035
-0.045
-0.055
-0.07
-0.085
-0.095
-0.105
-0.115
-0.125
-0.125
-0.125
-0.13
-0.13
-0.125
-0.125
-0.14
-0.135
-0.125
-0.125
-0.125
-0.125
-0.125
-0.11
-0.095
0.11
0.395
0.845
1.35
1.875
2.41
2.61
2.76
2.765
2.755
2.73
2.705
1.775
0.87
0.43
0.02
-0.08
-0.18
-0.23
-0.28
-0.325
-0.37
-0.4
-0.425
-0.44
-0.455
-0.455
-0.455
-0.455
-0.45
-0.445
-0.445
-0.445
-0.445
-0.445
-0.44
-0.435
-0.435
-0.435
-0.43
-0.425
-0.425
-0.43
-0.43
-0.425
-0.425
-0.425
-0.425
-0.425
-0.43
-0.44
-0.455
-0.47
-0.495
-0.515
-0.535
-0.555
-0.59
-0.625
-0.645
-0.67
-0.7
-0.73
-0.755
-0.775
-0.785
-0.785
-0.75
-0.715
-0.67
-0.62
-0.555
-0.495
-0.435
-0.37
-0.31
-0.255
-0.205
-0.16
-0.125
-0.095
-0.07
-0.055
-0.045
-0.04
-0.035
-0.035
-0.035
-0.035
-0.04
-0.035
-0.025
-0.025
-0.025
-0.02
-0.015
-0.015
-0.01
0
0.005
0.005
0.005
0.015
0.025
0.025
0.025
0.04
0.055
0.06
0.06
0.055
0.055
0.065
0.075
0.085
0.105
0.13
0.145
0.145
0.17
0.215
0.275
0.35
0.385
0.4
0.43
0.475
0.485
0.49
0.435
0.365
0.31
0.255
0.19
0.125
0.085
0.045
0.02
0
-0.005
-0.015
-0.03
-0.045
-0.055
-0.065
-0.07
-0.075
-0.08
-0.085
-0.09
-0.095
-0.095
-0.09
-0.08
-0.07
-0.065
-0.065
-0.07
-0.085
-0.105
-0.03
0.105
0.42
0.845
1.36
1.915
2.325
2.675
2.76
2.755
2.745
2.735
2.335
1.865
1.075
0.245
0.07
-0.06
-0.125
-0.185
-0.23
-0.275
-0.315
-0.355
-0.375
-0.395
-0.4
-0.405
-0.41
-0.415
-0.42
-0.42
-0.415
-0.415
-0.415
-0.41
-0.405
-0.4
-0.395
-0.395
-0.395
-0.39
-0.385
-0.385
-0.385
-0.385
-0.39
-0.395
-0.395
-0.4
-0.41
-0.415
-0.42
-0.44
-0.46
-0.48
-0.5
-0.53
-0.56
-0.595
-0.635
-0.675
-0.715
-0.735
-0.755
-0.78
-0.805
-0.805
-0.795
-0.77
-0.74
-0.69
-0.63
-0.56
-0.49
-0.43
-0.37
-0.305
-0.245
-0.185
-0.135
-0.1
-0.075
-0.06
-0.045
-0.035
-0.025
-0.015
-0.01
-0.005
-0.005
-0.01
-0.015
-0.015
-0.015
-0.015
-0.005
0
0.005
0.005
0.005
0.005
0.015
0.025
0.03
0.035
0.04
0.045
0.05
0.055
0.055
0.055
0.06
0.065
0.065
0.07
0.09
0.11
0.13
0.145
0.15
0.17
0.215
0.265
0.335
0.365
0.37
0.405
0.465
0.46
0.43
0.375
0.31
0.26
0.21
0.155
0.09
0.05
0.005
-0.015
-0.04
-0.045
-0.05
-0.07
-0.085
-0.09
-0.095
-0.105
-0.115
-0.115
-0.115
-0.115
-0.11
-0.105
-0.105
-0.105
-0.1
-0.095
-0.1
-0.12
-0.12
-0.08
0.075
0.395
0.815
1.335
1.845
2.34
2.6
2.7
2.725
2.715
2.715
2.715
2.03
1.105
0.53
0.055
-0.095
-0.18
-0.235
-0.28
-0.33
-0.38
-0.405
-0.435
-0.455
-0.475
-0.475
-0.475
-0.48
-0.485
-0.485
-0.485
-0.485
-0.485
-0.485
-0.48
-0.47
-0.465
-0.47
-0.475
-0.475
-0.47
-0.465
-0.465
-0.465
-0.465
-0.465
-0.47
-0.48
-0.485
-0.485
-0.485
-0.49
-0.505
-0.52
-0.54
-0.57
-0.59
-0.61
-0.645
-0.68
-0.71
-0.74
-0.775
-0.815
-0.825
-0.835
-0.835
-0.83
-0.805
-0.775
-0.735
-0.69
-0.63
-0.57
-0.505
-0.445
-0.375
-0.315
-0.27
-0.225
-0.185
-0.155
-0.135
-0.12
-0.105
-0.095
-0.085
-0.08
-0.075
-0.075
-0.08
-0.08
-0.075
-0.07
-0.065
-0.065
-0.065
-0.06
-0.055
-0.05
-0.045
-0.04
-0.035
-0.03
-0.025
-0.015
-0.01
-0.005
0
0
0.005
0.01
0.015
0.02
0.025
0.025
0.03
0.05
0.07
0.09
0.105
0.11
0.135
0.19
0.255
0.325
0.365
0.37
0.405
0.46
0.445
0.385
0.32
0.255
0.195
0.145
0.09
0.035
0
-0.035
-0.055
-0.07
-0.08
-0.09
-0.1
-0.11
-0.115
-0.125
-0.135
-0.145
-0.145
-0.14
-0.135
-0.135
-0.135
-0.13
-0.125
-0.125
-0.125
-0.125
-0.13
-0.09
0.03
0.26
0.665
1.135
1.695
2.18
2.585
2.765
2.755
2.745
2.735
2.575
2.315
1.58
0.605
0.175
-0.04
-0.15
-0.23
-0.27
-0.305
-0.355
-0.41
-0.43
-0.45
-0.465
